0,395
279,0
278,4
278,3
278,2
278,1
278,0
277,6
277,5
277,4
277,3
277,2
277,1
277,0
276,4
276,3
276,2
276,1
276,0
275,5
275,4
275,3
275,2
275,1
275,0
274,6
274,5
274,4
274,3
274,2
274,1
274,0
273,3
273,2
273,1
273,0
272,5
272,4
272,3
272,2
272,1
272,0
271,5
271,4
271,3
271,2
271,1
271,0
270,5
270,4
270,3
270,2
270,1
270,0
269,5
269,4
269,3
269,2
269,1
269,0
267,4
267,3
267,2
267,1
267,0
262,4
262,3
262,2
262,1
262,0
260,4
260,3
260,2
260,1
260,0
255,5
255,4
255,3
255,2
255,1
255,0
249,4
249,3
249,2
249,1
249,0
248,4
248,3
248,2
248,1
248,0
222,5
222,4
222,3
222,2
222,1
222,0
211,4
211,3
211,2
211,1
211,0
4,3
2,9
2,8
2,7
2,4
2,3
2,2
2,1
2,0
1,3
0,408
0,363
0,361
0,322
0,243
0,9
0,0
0,1
0,310
0,305
0,308
0,304
0,303
0,302
0,307
0,12
0,355
0,10
0,8
0,386
0,300
0,368
0,299
0,409
0,298
0,314
0,297
0,319
0,296
0,365
0,295
0,411
0,294
0,405
0,293
0,359
0,292
0,313
0,291
0,393
0,290
0,362
0,289
0,358
0,288
0,422
0,287
0,356
0,286
0,352
0,285
0,400
0,284
0,433
0,283
0,439
0,282
0,420
0,281
0,280
0,397
0,279
279,1
279,2
279,4
280,0
280,2
280,3
280,5
280,7
280,8
280,10
280,11
281,1
281,3
281,4
281,6
281,7
281,9
281,10
281,12
281,14
281,15
281,17
281,18
281,20
281,22
281,23
282,1
282,2
282,4
283,0
283,2
283,4
284,0
284,2
284,3
285,1
285,3
285,4
286,1
286,2
286,4
287,0
287,2
287,4
287,5
288,0
288,1
288,3
289,0
289,1
289,3
289,4
289,6
290,1
290,2
290,4
291,0
291,2
291,3
291,5
292,1
292,2
292,4
293,0
293,2
293,4
294,0
294,2
294,3
295,0
295,1
295,3
295,5
296,0
296,2
296,3
296,5
296,7
296,8
296,10
296,11
297,1
297,2
298,0
298,2
298,3
299,0
299,1
299,3
299,5
300,0
300,2
300,3
301,0
301,2
301,3
302,1
302,2
302,4
303,0
303,2
303,4
303,5
303,7
303,6
303,3
303,1
302,3
302,0
301,1
300,4
300,1
299,4
299,2
298,4
298,1
297,3
297,0
296,9
296,6
296,4
296,1
295,4
295,2
294,4
294,1
293,3
293,1
292,3
292,0
291,4
291,1
290,3
290,0
289,5
289,2
288,4
288,2
287,6
287,3
287,1
286,3
286,0
285,2
285,0
284,1
283,3
283,1
282,3
282,0
281,21
281,19
281,16
281,13
281,11
281,8
281,5
281,2
281,0
280,9
280,6
280,4
280,1
279,3
0,317
0,278
0,348
0,277
0,402
0,276
0,426
0,275
0,337
0,274
0,318
0,273
0,272
0,333
0,271
0,367
0,270
0,391
0,269
0,312
0,268
0,396
0,267
0,366
0,266
0,321
0,265
0,382
0,264
0,424
0,263
0,350
0,262
0,387
0,261
0,324
0,260
0,446
0,259
0,375
0,258
0,339
0,257
0,373
0,256
0,345
0,255
0,441
0,254
0,377
0,253
0,343
0,252
0,338
0,251
0,381
0,250
0,372
0,249
0,335
0,248
0,346
0,247
0,364
0,246
0,245
0,440
0,244
0,443
0,242
0,431
0,241
0,240
0,325
0,239
0,419
0,238
0,237
0,357
0,236
0,418
0,235
0,417
0,234
0,423
0,233
0,416
0,232
0,380
0,231
0,414
0,230
0,327
0,229
0,376
0,228
0,354
0,227
0,353
0,226
0,390
0,225
0,224
0,332
0,223
0,222
0,221
0,220
0,383
0,219
0,347
0,218
0,369
0,217
0,351
0,216
0,344
0,215
0,326
0,214
0,389
0,213
0,388
0,212
0,427
0,211
0,428
0,210
0,374
0,209
0,328
0,208
0,340
0,207
0,320
0,206
0,404
0,205
0,412
0,204
0,360
0,203
0,334
0,202
0,421
0,201
0,342
0,200
0,436
0,199
0,330
0,198
0,331
0,197
0,315
0,196
0,406
0,195
0,444
0,194
0,193
0,394
0,192
0,413
0,63
0,349
0,62
0,61
0,60
0,329
0,59
0,438
0,58
0,432
0,57
0,371
0,56
0,336
0,55
0,399
0,54
0,379
0,53
0,341
0,52
0,323
0,51
0,392
0,50
0,410
0,49
0,430
0,48
0,384
0,47
0,370
0,46
0,45
0,316
0,6
0,5
0,11
0,4
0,2
0,3
0,7
